symbol,open,high,low,close,volume,trade_count,vwap,volatility,weights
ADUS,135.93,136.72,131.75,132.66,238168.0,6781.0,133.434434,0.09815301856348387,0.01991131076233735
AEIS,128.32,130.5,125.345,125.95,361815.0,8756.0,126.753208,0.15758364286583357,0.012402018504819876
AGX,187.05,191.46,183.07,184.02,448499.0,15957.0,186.283809,0.19935926274092236,0.009803182596129379
AMZN,232.02,235.44,231.19,235.01,41448409.0,512237.0,234.171427,0.1135938793084865,0.0172047584498066
ANET,126.18,131.1793,125.2,129.82,9751406.0,121711.0,129.482532,0.1682409315064547,0.01161640771588342
APH,75.65,78.249,73.2204,77.84,14384474.0,127251.0,77.131614,0.1582472435446616,0.01235001135629527
ARCC,23.37,23.47,23.21,23.38,4783634.0,24328.0,23.366501,0.06134401215065253,0.0318589408543961
ARES,196.36,196.76,192.23,193.81,1157343.0,16327.0,194.393994,0.13380196215734852,0.014606327316640619
AS,31.38,31.6,30.53,30.78,2340575.0,29449.0,30.831075,0.1503378883814745,0.01299975193159505
ATGE,99.58,100.2,99.0,99.61,257190.0,8649.0,99.595411,0.12510036880612996,0.015622298107751302
AXP,318.31,322.82,317.677,322.25,2927411.0,65572.0,321.230005,0.10938822011356408,0.017866231417332068
AYI,336.8,339.335,333.83,336.85,234535.0,11124.0,336.457808,0.12260971765983036,0.015939644036218864
BK,84.79,85.81,83.87,84.33,4289086.0,56176.0,84.665094,0.1302750475353716,0.015001761978619566
BKV,24.98,25.975,24.85,25.56,765340.0,7707.0,25.617048,0.12475070068436027,0.015666086395970103
BSX,100.91,101.6462,100.14,100.31,8171035.0,70696.0,100.832057,0.08512991198825486,0.02295732732753948
BTSG,20.85,21.5,20.32,21.19,3468969.0,23049.0,21.106759,0.21379371050919785,0.009141313138839572
CAH,127.85,129.36,126.41,128.75,1627150.0,27203.0,128.54612,0.06002703520712013,0.032557917413971786
CCIR,10.35,10.35,10.255,10.3,510703.0,518.0,10.299041,0.01728749361277922,0.11305023727871692
CEG,329.0,336.4475,319.0,332.47,4576703.0,90255.0,331.711922,0.36457385353391186,0.00536065665690204
CEPO,10.06,10.07,10.06,10.07,5621.0,27.0,10.069459,0.005369369279158726,0.36398227673869415
CHEF,54.2,54.63,53.11,53.55,480223.0,9307.0,53.90537,0.088833857891169,0.022000116861673268
CLBT,23.505,24.1812,23.5,23.87,1940793.0,15710.0,23.918153,0.12303940968473935,0.015883977823744337
COF,196.74,202.15,195.343,200.93,7313816.0,117371.0,199.315691,0.11940283014167177,0.01636774649780199
CQP,62.9,63.0064,60.14,60.51,284712.0,4552.0,61.391166,0.1530099708285024,0.012772731373627192
CRDO,83.75,86.69,83.2,85.5,4873038.0,64834.0,85.30485,0.3007792869747938,0.006497639097877026
CYBR,364.18,364.18,354.07,358.63,523898.0,14890.0,358.774022,0.11344801150636016,0.01722687977452499
DAL,69.77,69.98,67.2,67.78,11612616.0,118440.0,68.200271,0.15560537738277314,0.012559689695501218
DDS,484.08,484.08,468.805,471.45,107126.0,6391.0,473.777043,0.16556186216049215,0.01180438072739532
DFS,190.37,198.9675,190.15,197.5,3363190.0,63264.0,196.406095,0.12881004696689916,0.015172382130884657
DTM,114.31,114.5,110.9,111.2,836158.0,17726.0,111.683161,0.11751917554085206,0.016630096713022124
DVA,170.47,170.8,167.99,168.45,462433.0,11389.0,168.870804,0.09741493849800095,0.020062172034519113
EAT,154.19,155.13,151.77,152.61,1384179.0,29317.0,153.148985,0.15869457735205278,0.012315198713711523
ECG,72.92,77.0299,72.575,76.1,591202.0,10390.0,75.9049,0.24110260821195206,0.008105906731464848
EME,535.25,545.295,532.3795,535.99,383178.0,15430.0,536.936375,0.12254716641065413,0.015947780043562756
ENVA,108.77,111.32,108.77,111.15,238196.0,6596.0,110.688643,0.14260187798331364,0.013704975576181966
EQH,52.77,53.28,52.54,53.18,1850952.0,20409.0,53.062969,0.11476558968870786,0.017029104805543375
FFIV,268.45,272.5,268.45,272.08,538173.0,16486.0,271.493019,0.07704588204475529,0.025366122147108733
FIX,541.03,553.085,541.03,550.27,590373.0,19604.0,547.455858,0.17206939496377088,0.011357948084204532
FLEX,44.55,45.0975,44.41,44.46,4047158.0,36484.0,44.712283,0.11060471037667416,0.017669728967448707
FN,259.99,281.79,258.1,267.24,689783.0,18780.0,269.619603,0.17053853292147705,0.011459904230434888
FOUR,116.5,119.28,115.29,115.66,2408028.0,29573.0,116.549492,0.155886436161656,0.012537044934764598
FRHC,135.27,139.16,135.27,138.32,65387.0,1919.0,138.059264,0.12566418722962666,0.01555220542912352
GEV,430.0,434.1,418.1,427.1,4973944.0,108439.0,425.998023,0.15509458888589733,0.012601053775749766
GMED,92.04,93.67,91.57,93.32,1039060.0,18132.0,93.088559,0.0832724407799418,0.023469412407925345
GOLF,75.71,76.65,74.24,74.6,594742.0,9535.0,74.80469,0.08941203871710873,0.021857853628216555
GPOR,198.02,201.18,195.96,196.22,351100.0,11024.0,197.759953,0.11567762760497079,0.01689484211720654
GS,633.44,635.6,629.7073,632.73,2836060.0,71440.0,632.817258,0.12676329963548164,0.015417358655848376
HPE,24.09,24.66,23.84,24.42,14117350.0,80407.0,24.404382,0.1339324136067077,0.01459210061440358
HQY,104.55,105.98,103.98,105.77,712717.0,15332.0,105.088442,0.09956507412747555,0.019628923816968052
IBKR,207.0,211.1372,202.43,209.78,2947060.0,66374.0,208.041132,0.1449980019417257,0.013478497832435264
INTA,70.25,72.0,69.2101,69.68,553353.0,12648.0,70.145584,0.14392953942737713,0.01357855560890687
ISRG,608.025,614.72,602.45,610.45,2138568.0,58681.0,610.545147,0.1293329950586821,0.01511103376205157
JBL,168.95,170.8,168.36,168.97,1500540.0,28618.0,169.481795,0.1287364810644816,0.015181052322690841
KGS,49.13,49.19,48.04,48.82,896028.0,15026.0,48.654727,0.15537250882635742,0.012578513854488632
KNF,107.91,108.83,106.98,106.99,371105.0,8833.0,107.572054,0.17105463669689883,0.011425327559766909
LB,83.24,84.7,79.53,80.06,655290.0,12257.0,81.974007,0.2508392132542123,0.0077912668817788
LPLA,361.63,361.63,351.25,356.79,456614.0,12779.0,355.980596,0.07768801027178981,0.025156459124667047
LRN,117.24,118.58,116.06,117.49,970642.0,15683.0,117.294403,0.08566024993076003,0.022815194404157326
LTH,28.71,28.86,28.21,28.45,1913707.0,25405.0,28.484389,0.14030539798417568,0.01392929483083335
MRVL,124.8,126.4499,124.24,125.21,10129277.0,124636.0,125.261456,0.257201185444059,0.007598546839917518
MRX,34.86,35.2,34.42,34.5,403456.0,4760.0,34.68234,0.15740400720181608,0.012416172177708355
MS,137.26,138.38,135.815,136.0,7177466.0,82573.0,136.715796,0.13570610436512284,0.014401380571803322
MTSI,150.09,152.5,146.7947,147.37,699781.0,14155.0,149.495591,0.1550002294789394,0.012608724912530156
MTZ,164.31,166.945,157.45,159.14,1040239.0,22036.0,160.907359,0.13839425621351392,0.014121650047844653
NFLX,998.025,999.0,950.76,953.99,14299525.0,382888.0,969.579827,0.15837414234535396,0.012340115791233687
NRG,115.01,115.38,109.5301,110.35,3596953.0,39433.0,110.850386,0.1631155381337762,0.011981416836427722
NVMI,265.19,266.13,255.01,256.88,342851.0,10015.0,258.794209,0.1363710902363324,0.014331155170000314
OKLO,32.43,34.95,32.03,34.17,23525014.0,196934.0,33.743648,0.5313428244019044,0.003678143686383411
ONON,60.65,60.67,58.3,58.56,2798163.0,35805.0,59.188412,0.1323095713360772,0.01477107993884109
OPFI,12.16,12.5,11.63,11.84,1829186.0,14203.0,11.989979,0.4117315323501544,0.004746673745689523
OWL,24.3,25.61,24.26,25.53,10144954.0,67446.0,25.092817,0.1551696352510246,0.012594959392134612
PLNT,108.05,108.4116,105.72,106.46,1442981.0,24167.0,106.736065,0.11727833458424992,0.016664248019953188
PLXS,170.38,172.89,170.11,170.49,276803.0,10271.0,171.058819,0.08880289863516774,0.0220077867379999
PRIM,89.8,90.8638,87.52,87.97,645320.0,14887.0,88.620008,0.14567983724846284,0.013415413497104355
PSTG,72.0,73.67,71.4,72.31,3176753.0,45496.0,72.745931,0.1634134080409636,0.011959577113703466
PWP,26.55,27.03,25.87,26.18,824483.0,13442.0,26.338247,0.17423757421616162,0.011216611937298858
PWR,363.1,365.88,355.2405,357.33,1417475.0,36065.0,359.193099,0.14201685405840786,0.01376143182326246
RL,247.61,250.95,246.73,250.42,659350.0,18638.0,249.886145,0.1018147692649473,0.019195203888281442
RNGR,17.72,18.1,17.646,17.73,118698.0,4462.0,17.839003,0.14856985970341754,0.013154453122459523
SEI,31.88,35.61,31.88,34.56,1666011.0,23913.0,34.479353,0.23760387146376039,0.008225266881550264
SLM,28.89,29.2,28.74,29.08,3095412.0,31598.0,29.038569,0.0996958123175035,0.01960318301690461
SNEX,108.8,110.9568,108.19,108.6,184132.0,4862.0,108.782837,0.1431229956286638,0.013655075107214901
SOC,27.35,29.8,27.1001,28.25,4316923.0,46896.0,28.71668,0.30302704339186537,0.006449441716499478
SPOT,509.0,510.84,493.03,493.56,1867070.0,45820.0,499.52773,0.14563749237727855,0.01341931409953266
STRL,198.79,206.07,198.79,200.56,435652.0,15828.0,201.500009,0.20737388189831366,0.009424307617664782
SYF,69.86,70.76,69.4,70.49,3314945.0,39560.0,70.255764,0.12420501774377565,0.015734913857591987
TATT,30.44,31.7899,29.7787,30.8,66432.0,2153.0,30.972782,0.2009875548753927,0.009723762528931933
TDY,493.55,515.99,490.0,511.67,668823.0,21725.0,508.91492,0.10572906689603291,0.01848455975498942
TGLS,86.0,86.9899,85.005,86.26,226707.0,5163.0,85.940383,0.14372712157878037,0.013597678944733921
TLN,249.72,253.9063,247.5,249.99,1170077.0,26146.0,249.854041,0.16883288443919883,0.011575678881342626
TPX,61.46,61.6,60.39,60.65,1237781.0,17471.0,60.778258,0.10127522027845627,0.019297467332141993
TRGP,218.19,218.51,208.63,211.27,1554582.0,30869.0,212.294948,0.1217488926730685,0.0160523452162067
TSSI,13.87,16.37,13.61,15.22,2790444.0,18112.0,15.280957,0.4020656139718703,0.004860786864045843
UAL,115.85,116.0,107.0,107.97,16086414.0,149467.0,110.457872,0.14249794335732754,0.013714971660876934
UI,421.78,429.74,413.85,416.61,91702.0,6416.0,418.224519,0.16946915282868663,0.011532218237112552
URBN,60.89,60.9,58.21,58.9,2124918.0,34582.0,59.18193,0.18320728911645012,0.01066745359480085
V,324.77,325.74,322.38,323.56,5026479.0,88265.0,323.513047,0.06686369356900473,0.02922894549434453
VERX,57.29,58.22,55.72,56.63,648652.0,12010.0,56.699623,0.1165811493099012,0.01676390451155907
VRT,150.08,154.79,147.6799,148.59,9963945.0,126190.0,150.128943,0.21380540249403548,0.009140813244574185
VST,192.99,194.67,183.3,186.86,9003524.0,187144.0,187.901353,0.23213356138404923,0.008419098226152857
WAB,206.74,207.7,205.225,206.98,917068.0,19705.0,206.791669,0.10095533802630767,0.019358612363515777
WAY,38.25,38.838,37.7047,38.17,1208329.0,14049.0,38.173137,0.10878351183684838,0.01796554663366726
WH,105.2,106.16,104.94,105.84,588526.0,11312.0,105.765367,0.09059741153622078,0.021571866367259777
WMB,61.2,61.46,59.13,59.2,8795996.0,72979.0,59.742732,0.10829507451379837,0.01804657565132365
WSM,210.7,212.9182,209.88,212.11,1452195.0,29957.0,211.786809,0.14927250510042195,0.013092533374208576
